f = @(x) 1/(x+1);
a = [0 0 1 2 2 3]